now our data game name will be laxmi day in which SRILAXMI DAY PANEL CHART
Date	Mon	Tue	Wed	Thu	Fri	Sat	Sun
02-01-2023
to
08-01-2023	1
2
5
85	2
3
0
2
4
0
63	1
2
0
1
1
7
91	3
8
0
4
9
0
37	1
6
0
2
2
0
43	1
2
0
2
4
9
57	3
5
9
1
2
0
35	1
2
2
09-01-2023
to
15-01-2023	2
5
6
31	2
3
6
3
4
5
21	1
4
6
6
7
8
13	5
8
0
1
3
7
13	6
7
0
4
9
0
32	4
8
0
1
2
7
00	2
8
0
5
7
9
14	2
3
9
16-01-2023
to
22-01-2023	1
2
4
77	5
5
7
3
9
0
29	2
7
0
1
3
6
09	2
7
0
3
5
9
77	3
6
8
7
8
0
51	2
9
0
1
4
6
12	2
2
8
7
9
0
69	3
7
9
23-01-2023
to
29-01-2023	3
4
6
31	1
4
6
1
1
2
41	1
5
5
1
4
0
56	7
9
0
2
3
0
53	1
3
9
1
2
2
59	4
5
0
5
8
0
34	3
5
6
3
5
7
53	3
5
5
30-01-2023
to
05-02-2023	8
9
9
60	5
6
9
9
0
0
98	1
1
6
6
6
6
88	1
3
4
2
2
8
25	1
6
8
3
7
9
90	3
8
9
4
5
6
56	3
4
9
1
2
4
74	2
6
6
06-02-2023
to
12-02-2023	1
4
8
33	3
3
7
6
6
7
98	1
3
4
2
5
6
30	2
3
5
2
3
4
91	1
4
6
3
3
5
16	1
1
4
5
8
0
37	8
9
0
5
0
0
56	8
8
0
13-02-2023
to
19-02-2023	2
3
7
25	2
6
7
1
2
0
31	3
8
0
2
4
0
63	4
9
0
2
5
5
24	2
2
0
2
3
5
03	5
8
0
3
0
0
36	3
3
0
1
2
0
38	4
4
0
20-02-2023
to
26-02-2023	5
6
7
82	1
3
8
1
0
0
12	1
1
0
1
2
6
91	3
8
0
5
7
0
25	5
0
0
1
1
2
44	6
8
0
5
6
0
14	6
8
0
1
2
0
30	2
8
0
27-02-2023
to
05-03-2023	2
2
0
44	7
7
0
3
5
0
80	4
6
0
1
1
2
47	2
5
0
7
8
0
52	6
7
9
2
2
0
44	7
7
0
3
5
0
80	4
6
0
3
0
0
38	2
2
4
06-03-2023
to
12-03-2023	1
2
6
90	4
6
0
5
5
0
03	4
9
0
2
6
0
86	1
1
4
3
8
9
06	8
8
0
1
2
6
90	4
6
0
5
5
0
03	4
9
0
2
7
0
91	3
8
0
13-03-2023
to
19-03-2023	1
2
0
30	2
8
0
1
5
0
61	3
8
0
1
5
0
62	1
4
7
8
8
8
46	3
3
0
1
6
0
70	2
8
0
7
8
0
54	2
6
6
2
3
0
55	2
6
7
20-03-2023
to
26-03-2023	3
0
0
38	2
2
4
3
6
6
51	1
2
8
3
4
4
16	3
3
0
1
2
2
53	5
8
0
1
2
5
81	1
2
8
2
0
0
22	3
9
0
5
5
0
03	1
5
7
27-03-2023
to
02-04-2023	2
7
0
91	3
8
0
*
*
*
**	*
*
*
*
*
*
**	*
*
*
*
*
*
**	*
*
*
*
*
*
**	*
*
*
1
1
3
53	4
9
0
3
5
5
32	6
7
9
03-04-2023
to
09-04-2023	1
2
4
77	1
6
0
1
3
9
39	2
2
5
2
7
0
97	1
2
4
1
2
0
32	5
7
0
4
5
9
88	5
6
7
2
9
0
12	6
7
9
1
5
6
25	2
6
7
10-04-2023
to
16-04-2023	7
8
0
50	1
4
5
2
4
5
18	4
6
8
3
6
8
71	1
4
6
2
7
0
95	6
9
0
3
5
7
51	1
4
6
2
2
8
22	6
7
9
4
5
8
79	1
3
5
17-04-2023
to
23-04-2023	2
9
9
06	3
5
8
1
6
7
45	1
6
8
4
4
0
83	4
9
0
8
9
0
75	5
0
0
1
4
8
36	2
5
9
3
6
8
74	2
2
0
5
7
0
21	3
8
0
24-04-2023
to
30-04-2023	4
6
6
63	6
7
0
1
7
8
67	2
7
8
2
3
0
55	7
8
0
1
5
0
61	3
8
0
4
6
8
81	2
9
0
2
5
7
45	8
8
9
1
3
3
74	2
3
9
01-05-2023
to
07-05-2023	3
5
9
75	3
4
8
1
1
0
23	1
2
0
1
1
0
20	4
6
0
2
7
0
97	2
5
0
6
8
9
34	1
6
7
2
4
8
46	3
4
9
2
7
9
80	1
9
0
08-05-2023
to
14-05-2023	1
5
8
48	2
7
9
4
5
0
91	5
6
0
4
4
0
84	2
2
0
4
9
0
31	3
8
0
5
8
0
37	1
6
0
1
2
5
87	3
5
9
6
9
0
51	1
0
0
15-05-2023
to
21-05-2023	5
7
9
17	4
6
7
6
8
8
22	3
4
5
3
5
0
85	1
1
3
2
3
6
19	2
2
5
1
2
4
72	1
2
9
2
4
4
04	2
6
6
2
3
6
10	2
4
4
22-05-2023
to
28-05-2023	1
2
3
65	2
5
8
3
4
6
33	4
9
0
2
7
7
65	1
1
3
7
7
0
41	1
4
6
1
2
6
92	3
9
0
3
4
4
17	4
5
8
5
6
9
09	5
6
8
29-05-2023
to
04-06-2023	2
3
4
94	2
2
0
1
2
2
54	3
5
6
1
2
6
98	3
5
0
1
2
3
63	1
6
6
6
8
0
44	7
7
0
1
3
4
89	1
1
7
2
2
5
94	5
9
0
05-06-2023
to
11-06-2023	1
2
5
82	5
8
9
6
8
9
37	1
3
3
2
7
0
97	1
1
5
2
7
9
89	2
7
0
1
2
2
50	1
3
6
7
8
9
42	2
3
7
5
6
0
13	5
8
0
12-06-2023
to
18-06-2023	6
9
0
58	3
6
9
1
4
6
18	5
6
7
1
1
5
78	1
3
4
1
3
0
49	4
5
0
1
1
5
78	1
3
4
1
3
0
49	4
5
0
3
8
9
02	1
1
0
19-06-2023
to
25-06-2023	1
2
5
88	9
9
0
1
1
9
15	2
4
9
2
9
0
12	6
7
9
5
8
0
37	1
6
0
1
1
6
89	4
5
0
1
2
3
68	2
6
0
2
8
0
00	3
7
0
26-06-2023
to
02-07-2023	1
1
9
12	5
7
0
1
1
7
90	3
8
9
2
2
8
22	6
7
9
1
2
4
72	1
2
9
5
7
9
14	2
3
9
6
8
9
34	1
6
7
2
4
8
46	3
4
9
03-07-2023
to
09-07-2023	2
6
0
82	5
7
0
1
0
0
14	6
8
0
3
6
8
74	2
2
0
1
2
6
92	3
9
0
7
9
0
69	3
7
9
5
8
0
37	1
6
0
1
2
5
87	3
5
9
10-07-2023
to
16-07-2023	2
3
3
81	3
8
0
2
7
0
98	3
5
0
2
5
7
45	8
8
9
1
2
3
62	4
8
0
3
5
7
53	3
5
5
1
2
4
72	1
2
9
2
4
4
04	2
6
6
17-07-2023
to
23-07-2023	1
7
8
67	2
7
8
3
8
9
06	8
8
0
2
4
8
46	3
4
9
2
6
9
77	1
2
4
3
5
7
53	3
5
5
5
7
9
14	1
5
8
6
9
0
59	1
2
6
24-07-2023
to
30-07-2023	1
1
0
23	1
2
0
2
6
0
81	3
8
0
1
2
5
87	3
5
9
3
4
0
77	1
3
3
1
2
4
74	2
6
6
1
2
6
92	3
9
0
3
4
4
17	4
5
8
31-07-2023
to
06-08-2023	4
5
0
91	5
6
0
3
4
4
11	1
0
0
1
1
5
78	1
3
4
2
2
9
39	2
3
4
5
0
0
56	8
8
0
6
8
0
44	7
7
0
1
3
4
89	1
1
7
07-08-2023
to
13-08-2023	6
8
8
22	3
4
5
2
4
0
67	3
4
0
2
4
4
04	2
6
6
5
6
0
14	1
1
2
7
8
0
52	6
7
9
1
2
2
50	1
3
6
7
8
9
42	2
3
7
14-08-2023
to
20-08-2023	3
4
6
33	4
9
0
7
8
0
56	3
4
9
3
4
4
17	4
5
8
3
4
0
77	4
5
8
6
8
0
40	4
7
9
5
8
9
27	1
2
4
1
3
3
71	1
4
6
21-08-2023
to
27-08-2023	1
2
2
54	3
5
6
3
4
6
39	3
7
9
1
3
4
89	1
1
7
5
9
0
46	3
6
7
2
8
0
05	2
3
0
4
5
8
75	3
6
6
2
3
4
98	3
5
0
28-08-2023
to
03-09-2023	6
8
9
37	1
3
3
6
7
8
15	2
4
9
6
6
9
16	3
5
8
2
2
6
03	4
9
0
2
4
6
28	1
2
5
8
9
9
65	6
9
0
4
5
6
53	1
4
8
04-09-2023
to
10-09-2023	1
4
6
18	5
6
7
5
6
9
03	3
4
6
5
8
9
20	1
4
5
2
4
6
29	2
3
4
1
3
0
42	2
3
7
1
4
9
46	8
8
0
4
6
8
85	8
8
9
11-09-2023
to
17-09-2023	1
1
9
15	2
4
9
3
6
0
90	1
3
6
5
9
0
46	3
6
7
9
0
0
95	2
4
9
1
2
2
58	3
5
0
5
7
9
14	1
5
8
3
5
7
56	2
5
9
18-09-2023
to
24-09-2023	1
1
7
90	3
8
9
6
6
9
17	1
2
4
4
7
9
07	3
5
9
3
6
7
69	6
6
7
4
5
5
46	3
3
0
2
4
7
37	8
9
0
1
1
0
24	4
4
6
25-09-2023
to
01-10-2023	1
0
0
14	6
8
0
3
5
0
80	4
6
0
5
7
9
10	6
6
8
2
3
0
51	3
8
0
7
0
0
71	3
3
5
4
5
6
55	3
3
9
6
7
8
18	2
7
9
02-10-2023
to
08-10-2023	2
7
0
98	3
5
0
5
5
0
03	4
9
0
3
7
9
90	5
6
9
6
9
9
40	4
6
0
2
5
7
44	1
6
7
2
3
8
36	7
9
0
6
9
0
59	1
2
6
09-10-2023
to
15-10-2023	2
2
4
81	1
2
8
1
5
0
61	3
8
0
1
3
6
03	1
4
8
4
7
7
89	2
2
5
2
5
9
63	3
5
5
3
5
6
48	1
2
5
8
0
0
84	2
5
7
16-10-2023
to
22-10-2023	1
2
0
31	3
8
0
2
4
0
63	4
9
0
7
8
0
51	2
9
0
1
1
0
20	4
6
0
2
7
0
97	2
5
0
5
5
0
06	1
2
3
5
7
0
29	4
5
0
23-10-2023
to
29-10-2023	2
7
0
91	3
8
0
4
4
0
84	1
3
0
1
2
6
96	1
2
3
3
5
6
41	1
0
0
1
7
0
85	7
9
9
1
2
8
14	7
8
9
1
1
8
08	2
3
3
30-10-2023
to
05-11-2023	1
2
4
77	1
6
0
1
3
9
39	2
2
5
1
6
0
79	2
3
4
5
0
0
55	2
5
8
3
4
0
74	1
5
8
7
7
0
40	2
8
0
2
5
9
65	3
4
8
06-11-2023
to
12-11-2023	7
8
0
50	1
4
5
2
4
5
18	4
6
8
6
7
9
23	2
4
7
5
5
9
98	3
6
9
2
7
9
84	1
3
0
1
3
7
10	1
9
0
3
9
9
15	4
4
7
13-11-2023
to
19-11-2023	2
9
9
06	3
5
8
1
6
7
45	1
6
8
1
5
0
67	1
2
4
3
6
8
73	3
4
6
7
7
0
47	8
9
0
5
8
0
39	5
5
9
5
7
9
14	2
3
9
20-11-2023
to
26-11-2023	1
2
4
74	2
6
6
1
2
6
92	3
9
0
3
4
4
17	4
5
8
1
4
5
04	2
3
9
4
5
8
74	2
6
6
5
5
6
63	4
9
0
7
9
0
69	3
7
9
27-11-2023
to
03-12-2023	5
0
0
56	8
8
0
6
8
0
44	7
7
0
1
3
4
89	1
1
7
2
0
0
26	1
1
4
1
4
8
32	5
8
9
2
2
0
40	4
7
9
3
5
7
53	3
5
5
04-12-2023
to
10-12-2023	1
2
3
68	3
5
0
1
2
2
50	1
3
6
7
8
9
42	2
3
7
1
4
6
12	2
2
8
7
9
0
69	3
7
9
6
7
8
19	4
7
8
1
2
4
74	2
6
6
11-12-2023
to
17-12-2023	5
7
0
26	3
3
0
1
1
5
78	1
3
4
1
3
0
49	4
5
0
5
8
0
34	3
5
6
3
5
7
53	3
5
5
1
4
7
29	1
8
0
5
0
0
56	8
8
0
18-12-2023
to
24-12-2023	3
4
7
44	3
5
6
2
4
5
13	1
2
0
1
3
4
83	2
4
7
4
5
6
56	3
4
9
1
2
4
74	2
6
6
4
5
7
61	4
7
0
1
2
3
68	3
5
0
25-12-2023
to
31-12-2023	5
7
0
25	1
4
0
2
3
8
36	4
5
7
2
2
7
11	4
8
9
5
8
0
37	8
9
0
5
0
0
56	8
8
0
5
7
9
18	2
2
4
5
7
0
26	3
3
0
01-01-2024
to
07-01-2024	1
6
0
78	2
6
0
1
2
3
68	5
6
7
2
2
5
93	6
7
0
2
8
0
06	3
3
0
1
2
3
68	3
5
0
1
3
4
82	2
0
0
3
5
0
81	4
7
0
08-01-2024
to
14-01-2024	2
7
0
90	1
3
6
4
5
9
88	5
6
7
2
9
0
12	6
7
9
7
9
0
69	3
7
9
2
7
0
91	4
8
9
1
4
6
16	6
0
0
4
4
6
48	3
5
0
15-01-2024
to
21-01-2024	5
8
9
23	2
3
8
3
5
7
51	1
4
6
2
2
8
22	6
7
9
3
5
7
53	3
5
5
3
8
0
11	2
9
0
2
0
0
23	2
5
6
1
5
8
42	1
1
0
22-01-2024
to
28-01-2024	1
2
0
33	2
5
6
1
4
8
36	2
5
9
3
6
8
74	2
2
0
1
2
4
74	2
6
6
1
1
7
94	5
9
0
2
2
3
76	8
8
0
2
3
7
23	3
4
6
29-01-2024
to
04-02-2024	1
2
0
35	1
2
2
4
6
8
81	2
9
0
2
5
7
45	8
8
9
5
0
0
56	8
8
0
1
3
0
49	1
2
6
4
6
9
95	4
5
6
5
7
8
04	2
6
6
05-02-2024
to
11-02-2024	5
5
9
98	3
6
9
2
6
8
62	2
4
6
1
5
6
26	3
3
0
4
4
0
84	1
3
0
2
6
0
80	2
3
5
1
1
5
71	1
2
8
1
7
7
54	2
2
0
12-02-2024
to
18-02-2024	4
5
6
52	1
2
9
1
2
8
11	6
7
8
1
4
4
94	2
3
9
3
4
7
47	1
2
4
3
4
0
77	2
6
9
1
4
6
15	2
3
0
3
5
7
53	1
5
7
19-02-2024
to
25-02-2024	3
5
8
63	1
2
0
1
8
9
83	3
3
7
5
7
8
04	2
6
6
6
7
8
14	1
3
0
3
7
0
08	4
4
0
4
8
9
15	2
3
0
1
4
6
15	1
1
3
26-02-2024
to
03-03-2024	5
9
9
39	1
4
4
2
8
0
01	6
7
8
1
7
7
54	2
2
0
2
3
4
96	1
7
8
1
3
5
93	2
2
9
2
3
0
56	2
6
8
3
4
8
54	3
3
8
04-03-2024
to
10-03-2024	4
4
9
78	1
2
5
9
0
0
98	2
3
3
3
5
7
53	1
5
7
3
7
0
05	2
4
9
1
1
0
20	5
7
8
1
3
0
41	3
8
0
2
6
9
73	4
4
5
11-03-2024
to
17-03-2024	1
3
5
94	2
2
0
5
7
0
29	1
3
5
3
8
0
19	1
2
6
1
5
7
32	2
2
8
5
5
7
73	4
9
0
1
2
7
03	4
4
5
1
2
7
08	3
6
9
18-03-2024
to
24-03-2024	2
9
0
16	3
4
9
2
7
7
65	4
4
7
1
1
8
00	5
7
8
1
4
6
17	8
9
0
3
4
7
47	1
2
4
2
4
0
69	4
5
0
2
3
5
06	7
9
0
25-03-2024
to
31-03-2024	*
*
*
**	*
*
*
1
6
9
63	1
5
7
4
5
6
58	1
7
0
2
8
9
92	3
4
5
4
6
0
03	2
4
7
5
8
9
24	6
8
0
1
4
7
22	7
7
8
01-04-2024
to
07-04-2024	2
7
8
71	1
4
6
2
0
0
20	3
7
0
1
2
5
86	4
4
8
6
7
0
32	1
1
0
7
8
0
50	4
8
8
1
3
5
98	5
6
7
2
5
9
60	6
7
7
08-04-2024
to
14-04-2024	5
5
8
84	7
8
9
3
4
8
53	1
6
6
2
7
0
99	1
2
6
3
5
6
40	2
8
0
2
2
8
26	8
8
0
4
7
0
11	1
3
7
3
6
9
89	4
7
8
15-04-2024
to
21-04-2024	5
8
0
38	4
5
9
3
4
5
27	1
6
0
2
9
0
15	6
9
0
4
6
7
70	6
6
8
2
4
9
59	3
6
0
4
9
0
30	1
1
8
2
4
8
42	1
4
7
22-04-2024
to
28-04-2024	3
4
0
74	6
8
0
5
5
8
82	1
3
8
1
5
7
30	2
3
5
5
9
0
47	4
5
8
4
5
0
96	1
5
0
2
4
0
68	3
7
8
3
3
7
39	1
8
0
29-04-2024
to
05-05-2024	1
4
9
46	4
4
8
2
3
7
29	3
7
9
4
6
0
09	9
0
0
2
8
9
95	3
4
8
1
2
4
73	2
5
6
1
2
5
89	3
8
8
5
6
8
94	3
5
6
06-05-2024
to
12-05-2024	3
4
6
37	2
6
9
1
2
5
83	2
5
6
6
7
8
16	4
6
6
7
7
0
47	1
7
9
1
3
8
25	8
8
9
3
9
0
26	1
7
8
2
3
3
84	1
6
7
13-05-2024
to
19-05-2024	1
1
7
98	1
7
0
1
3
0
40	3
7
0
2
5
9
61	1
2
8
4
7
8
96	1
6
9
6
8
9
33	2
2
9
5
6
0
17	3
5
9
2
7
7
63	7
8
8
20-05-2024
to
26-05-2024	2
5
0
75	3
4
8
1
3
6
09	4
7
8
1
1
2
45	3
5
7
5
6
7
87	2
6
9
6
7
8
10	3
3
4
4
6
7
79	5
6
8
2
8
9
95	7
8
0
27-05-2024
to
02-06-2024	4
5
9
81	5
6
0
2
3
4
94	1
5
8
5
8
0
32	2
3
7
4
5
0
95	3
5
7
6
9
0
56	8
9
9
2
3
9
42	3
9
0
1
4
7
20	5
7
8
03-06-2024
to
09-06-2024	3
8
0
16	4
5
7
7
9
0
67	2
2
3
4
4
7
58	4
6
8
2
4
6
27	3
7
7
1
5
0
69	2
2
5
3
5
0
81	2
3
6
1
3
5
99	4
5
0
10-06-2024
to
16-06-2024	2
2
5
98	1
7
0
4
8
0
21	1
2
8
3
6
0
92	2
4
6
4
9
0
38	1
3
4
1
5
6
28	3
7
8
1
7
9
75	1
5
9
3
4
8
52	2
3
7
17-06-2024
to
23-06-2024	2
4
0
64	6
9
9
5
6
0
13	1
4
8
1
8
8
75	4
5
6
2
3
5
06	6
0
0
7
8
8
31	4
7
0
3
7
9
94	2
5
7
6
8
0
48	9
9
0
24-06-2024
to
30-06-2024	2
7
9
86	4
6
6
3
6
0
94	2
4
8
7
7
9
33	6
7
0
3
4
7
40	2
8
0
1
6
9
61	1
0
0
2
3
6
11	3
3
5
1
2
6
92	5
8
9
01-07-2024
to
07-07-2024	5
6
0
13	1
2
0
2
7
7
60	1
3
6
4
6
0
06	2
6
8
2
0
0
22	1
3
8
7
8
0
57	5
6
6
1
4
4
90	5
7
8
3
4
0
74	1
6
7
08-07-2024
to
14-07-2024	4
5
5
47	1
6
0
5
8
9
20	4
8
8
2
4
9
53	3
0
0
3
6
9
84	2
3
9
2
3
8
37	1
8
8
1
4
9
46	3
6
7
4
5
9
83	7
8
8
15-07-2024
to
21-07-2024	2
2
6
04	3
4
7
1
8
0
93	1
5
7
2
4
7
38	1
7
0
4
8
0
25	3
5
7
3
5
9
75	2
3
0
1
5
0
67	8
9
0
1
4
7
24	2
3
9
22-07-2024
to
28-07-2024	1
1
7
95	7
8
0
3
4
8
55	1
4
0
4
7
9
08	2
7
9
4
6
6
61	6
7
8
2
4
9
58	1
3
4
2
3
4
96	3
3
0
8
9
0
75	1
7
7
29-07-2024
to
04-08-2024	3
9
0
26	2
5
9
4
5
9
85	6
9
0
1
4
6
10	5
6
9
2
2
8
25	2
6
7
4
6
6
64	6
8
0
1
2
8
15	7
9
9
4
5
9
83	2
3
8
05-08-2024
to
11-08-2024	1
5
8
40	2
3
5
3
5
7
51	5
6
0
2
8
9
96	1
2
3
4
7
8
90	3
7
0
5
9
0
47	1
3
3
2
7
8
71	4
8
9
3
4
6
32	1
4
7
12-08-2024
to
18-08-2024	5
6
7
83	6
7
0
2
3
6
10	1
2
7
3
8
9
06	7
9
0
*
*
*
**	*
*
*
1
5
7
33	2
5
6
3
4
9
65	1
6
8
2
3
0
52	2
3
7
19-08-2024
to
25-08-2024	4
5
8
72	2
0
0
3
3
0
62	1
5
6
2
3
4
91	5
8
8
1
3
8
26	2
4
0
1
1
6
86	5
5
6
3
8
0
18	1
3
4
6
7
0
35	7
8
0
26-08-2024
to
01-09-2024	5
6
8
97	8
9
0
1
5
8
44	2
5
7
6
8
9
39	3
6
0
1
2
7
00	2
9
9
5
0
0
53	4
9
0
2
4
9
57	2
5
0
1
7
8
69	1
3
5
02-09-2024
to
08-09-2024	4
6
7
73	1
2
0
3
7
8
83	3
4
6
2
7
0
90	4
7
9
5
8
0
32	1
5
6
3
4
5
26	2
5
9
6
8
0
41	3
4
4
4
8
9
12	4
8
0
09-09-2024
to
15-09-2024	2
6
8
61	3
8
0
6
6
0
24	3
3
8
2
3
5
01	6
7
8
8
8
9
54	1
3
0
5
7
7
90	2
2
6
1
6
0
74	6
8
0
3
4
7
49	4
6
9
16-09-2024
to
22-09-2024	2
8
9
94	1
5
8
5
6
7
89	3
6
0
6
7
0
38	4
6
8
2
7
9
81	1
3
7
3
8
9
04	6
9
9
1
2
4
71	2
9
0
7
9
9
54	1
6
7
23-09-2024
to
29-09-2024	4
5
5
42	1
4
7
2
8
0
05	3
4
8
4
8
9
18	1
7
0
7
9
0
60	4
7
9
1
4
8
39	5
6
8
4
5
9
80	3
7
0
2
6
0
82	6
7
9
30-09-2024
to
06-10-2024	5
8
9
25	3
5
7
6
9
0
50	2
2
6
4
7
8
92	5
7
0
2
3
4
94	1
6
7
3
3
4
03	4
9
0
1
4
9
43	7
8
8
2
2
0
40	1
2
7
07-10-2024
to
13-10-2024	1
3
9
36	2
5
9
4
4
0
82	1
5
6
2
3
7
28	3
6
9
5
5
5
56	1
2
3
1
9
9
95	6
9
0
1
4
5
08	1
8
9
2
4
0
69	4
5
0
14-10-2024
to
20-10-2024	4
6
0
08	4
6
8
1
8
0
98	3
7
8
5
9
9
31	2
3
6
4
7
0
16	8
8
0
2
7
9
89	1
2
6
3
9
0
23	6
8
9
3
4
0
79	3
6
0
21-10-2024
to
27-10-2024	1
5
0
61	2
9
0
2
4
8
49	5
7
7
3
6
7
60	1
9
0
1
3
6
08	2
2
4
4
4
5
31	5
6
0
3
7
8
85	1
7
7
2
8
0
03	6
7
0
28-10-2024
to
03-11-2024	1
4
6
14	6
8
0
4
5
0
98	1
8
9
3
6
9
82	5
7
0
8
9
0
72	1
3
8
1
6
9
67	3
6
8
7
8
0
54	5
9
0
1
5
6
23	2
5
6
04-11-2024
to
10-11-2024	4
6
9
93	1
6
6
2
5
7
43	6
7
0
1
7
8
64	4
5
5
3
3
6
28	1
3
4
2
2
8
23	7
7
9
1
2
4
78	1
2
5
6
0
0
69	4
7
8
11-11-2024
to
17-11-2024	2
5
9
61	1
5
5
3
6
0
99	2
3
4
1
4
5
02	4
8
0
6
9
0
51	1
3
7
4
6
7
71	3
4
4
2
4
8
45	1
1
3
5
6
0
19	6
6
7
18-11-2024
to
24-11-2024	7
7
0
42	3
4
5
1
5
9
56	2
6
8
1
4
6
17	5
6
6
4
9
0
34	2
3
9
1
8
0
96	8
9
9
5
6
9
07	2
6
9
1
4
8
33	5
8
0
25-11-2024
to
01-12-2024	6
7
8
13	1
5
7
1
3
5
93	2
5
6
7
9
0
68	3
5
0
1
7
9
74	1
5
8
2
4
6
27	3
4
0
3
4
7
48	4
6
8
2
2
5
91	5
6
0
02-12-2024
to
08-12-2024	2
4
8
45	1
6
8
3
5
9
76	4
5
7
1
2
8
19	2
7
0
5
7
0
20	1
9
0
3
8
8
95	1
5
9
2
7
7
63	6
7
0
5
6
6
78	3
5
0
09/12/2024
to
15/12/2024	5
8
9	29	4
7
8	1
2
5	87	2
2
3	1
4
5	03	7
8
8	2
6
9	77	4
5
8	1
6
7	40	2
8
0	2
5
6	37	3
6
8	1
6
9	63	6
7
0
16/12/2024
to
22/12/2024	1
7
7	53	2
5
6	3
8
9	05	6
9
0	1
2
3	64	3
5
6	2
3
4	97	4
6
7	5
7
9	13	1
4
8	1
3
6	09	3
6
0	2
3
6	18	3
7
8
23/12/2024
to
29/12/2024	1
5
8	42	4
9
9	5
6
7	83	2
4
7	1
5
7	30	4
8
8	2
5
0	74	3
4
7	6
8
0	49	4
6
9	4
7
7	85	7
8
0	2
4
0	61	1
2
8
30/12/2024
to
05/01/2025	4
4
9	75	3
4
8	2
4
6	20	1
9
0	4
7
9	03	7
8
8	2
6
8	62	5
7
0	3
4
6	35	1
5
9	1
7
0	83	6
8
9	2
5
7	48	1
1
6
06/01/2025
to
12/01/2025	2
3
0	56	1
6
9	3
5
6	41	1
5
5	2
5
9	67	3
4
0	1
2
4	70	2
9
9	2
3
7	26	1
5
0	3
3
6	29	4
7
8	4
6
9	97	2
7
8
13/01/2025
to
19/01/2025	2
9
0	19	5
6
8	3
5
9	75	1
4
0	6
6
7	92	2
5
5	1
2
8	15	5
0
0	6
6
0	22	2
4
6	1
7
8	64	1
6
7	3
6
0	91	4
8
9
20/01/2025
to
26/01/2025	6
8
9	38	1
2
5	2
4
8	46	3
4
9	1
2
3	68	8
0
0	2
7
0	99	1
3
5	3
3
9	56	7
9
0	1
5
9	50	5
7
8	*
*
*	**	*
*
*
27/01/2025
to
02/02/2025	2
5
9	65	1
6
8	1
1
2	40	2
8
0	3
7
8	89	3
7
9	6
9
0	53	1
5
7	2
5
6	39	5
6
8	4
6
9	98	2
2
4	1
8
8	70	3
7
0
03/02/2025
to
09/02/2025	4
5
0	92	2
2
8	1
3
4	84	3
5
6	6
0
0	62	5
8
9	1
2
7	09	2
3
4	4
7
0	19	6
6
7	2
9
9	02	1
1
0	1
4
7	24	7
8
9
10/02/2025
to
16/02/2025	6
7
8	14	3
4
7	2
3
5	06	3
6
7	1
2
9	25	2
3
0	2
5
7	41	3
9
9	1
2
5	82	5
7
0	2
3
6	15	3
4
8	5
5
0	08	4
5
9
17/02/2025
to
23/02/2025	6
0
0	67	2
6
9	2
7
8	71	1
4
6	6
8
9	36	7
9
0	1
7
0	80	2
3
5	4
5
6	54	3
3
8	3
4
5	25	1
5
9	8
9
9	61	1
4
6
24/02/2025
to
02/03/2025	1
3
5	91	4
8
9	5
9
0	42	2
3
7	1
5
6	27	3
5
9	3
4
9	63	3
0
0	2
4
6	22	1
3
8	1
2
8	15	4
4
7	1
7
9	76	1
5
0
03/03/2025
to
09/03/2025	3
4
9	69	2
7
0	*
*
*	**	*
*
*	2
3
8	31	3
8
0	1
3
5	98	3
6
9	4
4
9	72	5
7
0	5
6
8	93	3
5
5	1
2
0	32	4
8
0
10/03/2025
to
16/03/2025	5
6
7	82	2
2
8	7
8
9	46	1
6
9	3
6
8	75	2
3
0	7
9
0	61	1
3
7	*
*
*	**	*
*
*	2
5
6	35	1
1
3	4
4
8	67	3
4
0
17/03/2025
to
23/03/2025	4
5
8	76	5
5
6	3
7
9	99	1
3
5	3
6
7	62	2
4
6	4
8
9	19	2
7
0	2
4
8	45	4
5
6	3
4
8	51	6
7
8	2
6
6	44	6
8
0
24/03/2025
to
30/03/2025	5
6
0	15	3
5
7	2
3
9	49	1
2
6	6
9
0	53	5
9
9	3
6
8	72	4
8
0	1
7
8	65	7
9
9	3
4
4	13	6
7
0	5
0
0	52	3
4
5
31/03/2025
to
06/04/2025	2
2
6	00	1
2
7	3
5
5	37	1
6
0	2
3
6	12	6
7
9	1
4
9	47	5
5
7	5
6
8	91	1
2
8	2
8
9	95	1
4
0	6
6
0	29	1
2
6
07/04/2025
to
13/04/2025	5
9
0	45	1
5
9	2
4
5	10	5
7
8	1
8
8	70	1
4
5	5
8
0	33	1
3
9	1
1
6	88	3
6
9	2
3
7	24	3
5
6	1
5
8	48	1
2
5
14/04/2025
to
20/04/2025	3
7
8	83	6
8
9	4
4
5	32	5
7
0	1
3
8	28	3
5
0	2
3
9	48	1
3
4	2
5
8	52	3
4
5	1
8
0	98	2
6
0	2
3
4	91	3
9
9
21/04/2025
to
27/04/2025	8
9
9	66	2
6
8	*
*
*	**	*
*
*	1
1
3	50	1
2
7	6
6
8	05	2
4
9	2
8
9	96	4
6
6	1
6
7	46	3
5
8	3
0
0	36	1
2
3
28/04/2025
to
04/05/2025	1
3
0	41	3
3
5	6
7
8	17	8
9
0	5
7
0	28	1
8
9	1
4
8	31	2
3
6	3
6
8	70	1
9
0	2
3
0	57	4
6
7	1
4
7	27	3
4
0
05/05/2025
to
11/05/2025	1
6
8	56	3
5
8	3
4
9	60	4
6
0	5
6
7	87	1
7
9	3
8
9	02	4
8
0	7
0
0	72	2
3
7	1
5
7	30	1
1
8	7
0
0	79	5
7
7
12/05/2025
to
18/05/2025	2
4
6	29	1
9
9	2
6
9	74	1
5
8	4
4
6	44	5
9
0	1
4
0	57	5
6
6	2
3
4	92	6
6
0	2
4
8	49	1
2
6	3
4
6	33	5
8
0
19/05/2025
to
25/05/2025	5
6
8	91	2
2
7	2
5
8	52	5
8
9	1
4
7	21	2
4
5	6
7
9	26	3
3
0	1
3
0	45	8
8
9	3
6
8	70	2
3
5	2
8
9	95	1
5
9
26/05/2025
to
01/06/2025	1
3
8	29	5
5
9	4
5
8	75	3
6
6	1
2
7	06	2
4
0	1
1
3	51	5
7
9	4
5
0	90	5
7
8	1
2
3	67	3
7
7	6
9
0	52	7
7
8
02/06/2025
to
08/06/2025	1
4
5	09	2
2
5	2
5
7	40	1
9
0	1
2
8	15	2
6
7	4
6
6	69	2
3
4	5
7
0	26	2
6
8	6
7
8	16	1
5
0	1
3
5	95	8
8
9
09/06/2025
to
15/06/2025	3
6
0	97	1
6
0	1
7
8	60	2
4
4	5
6
9	05	3
4
8	7
7
0	42	6
7
9	1
3
7	17	8
9
0	2
4
9	51	3
4
4	3
3
8	49	4
6
9
16/06/2025
to
22/06/2025	2
3
7	24	7
8
9	3
7
7	79	4
5
0	7
0
0	76	3
6
7	3
5
6	49	2
7
0	5
5
6	67	4
5
8	2
2
6	07	5
5
7	1
7
0	87	3
4
0
23/06/2025
to
29/06/2025	1
4
5	04	6
9
9	4
7
8	99	3
6
0	1
5
6	29	5
5
9	7
9
9	54	6
8
0	1
4
7	27	2
7
8	5
9
0	40	1
3
6	1
2
0	38	2
6
0
30/06/2025
to
06/07/2025	3
9
0	28	2
7
9	1
8
9	86	4
6
6	2
2
5	97	3
5
9	6
6
8	06	1
1
4	4
5
7	66	3
6
7	3
6
8	77	5
6
6	1
2
5	80	3
7
0
07/07/2025
to
13/07/2025	4
4
5	32	5
7
0	1
2
0	35	2
5
8	6
6
9	11	1
3
7	3
4
7	42	2
0
0	1
2
9	21	6
7
8	*
*
*	**	*
*
*	1
1
2	43	5
8
0
14/07/2025
to
20/07/2025	4
8
9	16	1
2
3	7
8
8	33	7
7
9	1
2
9	25	2
3
0	7
8
0	55	3
4
8	3
9
9	12	6
6
0	4
5
8	77	7
0
0	3
6
6	56	1
6
9
21/07/2025
to
27/07/2025	3
5
9	73	4
4
5	1
4
4	99	3
7
9	2
9
0	17	8
9
0	1
4
9	42	7
7
8	3
6
6	59	1
8
0	5
7
0	22	2
2
8	4
6
7	79	3
6
0
28/07/2025
to
03/08/2025	3
3
9	56	6
0
0	1
2
8	13	2
4
7	6
8
9	30	5
5
0	1
6
8	50	1
3
6	5
7
0	24	4
5
5	2
2
6	04	3
3
8	4
6
0	02	7
7
8
04/08/2025
to
10/08/2025	3
5
8	61	5
7
9	1
3
3	71	4
7
0	2
5
5	23	4
4
5	1
5
7	38	2
6
0	3
6
8	74	7
8
9	2
3
9	43	1
4
8	6
6
0	24	3
5
6
11/08/2025
to
17/08/2025	1
5
8	49	2
3
4	5
8
9	28	3
5
0	1
3
9	35	4
4
7	7
8
0	52	3
3
6	*
*
*	**	*
*
*	1
7
8	68	5
6
7	3
5
7	57	1
1
5
18/08/2025
to
24/08/2025	1
1
4	68	1
1
6	3
7
8	82	6
6
0	5
8
0	32	3
4
5	1
2
8	16	2
4
0	2
5
6	30	6
6
8	5
6
8	99	3
7
9	1
7
0	89	2
8
9
25/08/2025
to
31/08/2025	6
8
9	35	2
5
8	5
5
6	66	4
6
6	1
4
5	05	2
3
0	1
2
9	23	3
5
5	4
4
9	71	3
8
0	3
3
5	16	1
6
9	2
3
8	34	7
8
9
01/09/2025
to
07/09/2025	5
9
0	43	1
3
9	2
3
4	96	1
2
3	3
5
8	64	7
8
9	*
*
*	**	*
*
*	1
4
5	05	3
6
6	1
4
8	31	4
7
0	1
4
9	42	6
6
0
08/09/2025
to
14/09/2025	3
5
0	81	4
8
9	6
8
9	39	1
4
4	7
8
0	52	5
8
9	3
6
8	73	4
4
5	5
7
9	12	7
7
8	*
*
*	**	*
*
*	4
4
7	58	5
6
7
15/09/2025
to
21/09/2025	3
6
8	72	2
0
0	1
5
8	43	3
5
5	1
7
8	64	2
2
0	2
5
6	32	3
3
6	7
8
0	53	1
3
9	1
3
3	77	4
4
9	5
7
8	05	3
5
7
22/09/2025
to
28/09/2025	2
5
6	31	2
9
0	*
*
*	**	*
*
*	*
*
*	**	*
*
*	2
3
9	44	7
8
9	3
8
0	12	5
8
9	5
8
9	26	1
7
8	2
3
4	93	4
4
5
29/09/2025
to
05/10/2025	1
3
9	32	3
3
6	3
7
8	84	6
8
0	2
3
6	19	5
6
8	1
2
9	20	6
6
8	1
6
9	63	2
5
6	2
5
8	51	3
9
9	1
4
5	09	2
8
9
06/10/2025
to
12/10/2025	*
*
*	**	*
*
*	2
2
8	21	4
7
0	7
8
0	53	3
5
5	1
7
8	65	1
5
9	6
6
8	01	4
7
0	6
6
9	11	1
3
7	2
4
7	32	5
8
9
13/10/2025
to
19/10/2025	2
4
9	57	3
4
0	5
5
6	62	1
2
9	3
9
9	19	5
6
8	1
8
0	95	2
5
8	1
4
5	03	2
3
8	7
7
8	26	1
6
9	*
*
*	**	*
*
*
20/10/2025
to
26/10/2025	*
*
*	**	*
*
*	1
2
9	25	2
3
0	3
8
9	06	7
9
0	1
4
9	45	5
0
0	1
3
7	12	2
3
7	4
4
0	89	1
3
5	1
4
9	42	2
2
8
27/10/2025
to
02/11/2025	3
6
6	57	3
6
8	3
8
0	16	2
4
0	1
5
7	39	4
5
0	3
7
8	82	4
8
0	4
4
6	64	7
8
9	1
2
0	37	4
4
9	2
3
5	01	1
1
9
03/11/2025
to
09/11/2025	1
2
5	89	3
7
9	2
2
5	95	8
8
9	1
0
0	12	1
1
0	5
7
8	08	2
3
3	1
7
7	59	5
6
8	6
6
0	27	3
7
7	7
8
0	53	1
3
9
10/11/2025
to
16/11/2025	*
*
*	**	*
*
*	4
7
9	04	1
1
2	1
5
7	33	3
3
7	1
8
0	99	4
5
0	7
8
9	46	3
4
9	1
7
8	60	1
3
6	3
8
0	18	5
6
7
17/11/2025
to
23/11/2025	*
*
*	**	*
*
*	6
7
0	36	7
9
0	2
5
9	64	7
7
0	5
7
0	20	3
7
0	1
5
9	50	2
2
6	3
6
9	82	2
4
6	1
6
0	75	6
9
0
24/11/2025
to
30/11/2025	6
6
8	09	6
6
7	2
4
5	15	7
8
0	2
4
8	47	2
7
8	3
7
8	88	3
5
0	1
4
8	39	2
8
9	8
8
0	64	1
5
8	*
*
*	**	*
*
*
01/12/2025
to
07/12/2025	1
8
8	73	5
9
9	4
4
5	32	4
8
0	2
7
0	96	2
4
0	6
7
9	25	3
5
7	1
0
0	16	6
0
0	2
5
7	49	5
6
8	1
8
9	81	6
7
8
08/12/2025
to
14/12/2025	6
6
8	04	3
5
6	1
5
9	58	1
2
5	2
3
6	17	8
9
0	7
7
9	38	8
0
0	1
7
9	71	3
3
5	3
9
0	20	4
6
0	2
6
8	68	9
9
0
15/12/2025
to
21/12/2025	1
5
8	46	3
3
0	4
5
0	98	2
3
3	6
7
8	10	5
5
0	1
1
3	52	3
4
5	2
3
5	05	2
3
0	7
8
8	32	1
5
6	3
7
9	97	4
4
9
22/12/2025
to
28/12/2025	6
7
9	27	3
4
0	1
1
4	63	4
9
0	5
9
9	34	2
4
8	3
5
0	85	1
2
2	4
6
7	73	7
7
9	8
8
9	55	3
4
8	3
5
8	61	1
2
8
29/12/2025
to
04/01/2026	5
5
9	94	2
5
7	4
4
6	43	7
8
8	6
8
0	42	3
4
5	3
8
9	01	4
7
0	4
5
9	85	2
4
9	4
5
8	70	1
2
7	2
4
7	31	5
6
0
05/01/2026
to
11/01/2026	7
9
0	60	2
2
6	2
6
7	58	4
4
0	1
7
9	73	1
5
7	4
5
0	91	2
4
5	6
7
8	16	3
4
9	1
6
7	44	5
9
0	2
3
3	80	1
4
5
12/01/2026
to
18/01/2026	1
4
0	53	6
7
0	2
9
0	10	4
8
8	2
5
0	76	2
5
9	3
5
8	62	2
3
7	1
5
9	51	4
7
0	2
7
8	72	1
1
0	3
6
7	61	2
4
5
19/01/2026
to
25/01/2026	5
6
7	85	2
4
9	2
5
8	50	3
8
9	2
3
4	91	1
3
7	4
4
6	42	1
4
7	6
7
7	08	2
7
9	2
3
8	35	7
9
9	4
8
9	13	1
2
0
26/01/2026
to
01/02/2026	*
*
*	**	*
*
*	5
5
6	63	1
3
9	2
6
9	75	1
4
0	6
9
0	56	1
7
8	1
8
0	99	2
2
5	1
9
0	04	6
9
9	6
8
0	41	1
2
8
02/02/2026
to
08/02/2026	1
7
0	89	3
6
0	1
1
0	24	5
9
0	1
4
5	07	5
5
7	3
5
6	42	1
3
8	3
7
8	81	3
4
4	8
8
0	63	6
7
0	3
6
8	79	2
7
0
09/02/2026
to
15/02/2026	4
4
8	67	1
6
0	7
7
8	21	4
7
0	3
7
0	06	7
9
0	3
4
8	55	4
5
6	2
3
4	94	6
8
0	4
8
8	02	3
4
5	1
2
5	88	2
6
0
16/02/2026
to
22/02/2026	5
7
9	14	3
3
8	4
6
7	77	8
9
0	2
3
9	49	6
6
7	1
2
0	34	1
5
8	4
5
7	63	7
7
9	3
3
9	52	6
7
9	3
6
6	55	1
4
0
23/02/2026
to
01/03/2026	1
4
4	91	6
7
8	2
6
0	89	5
5
9	3
3
6	22	4
8
0	2
4
4	06	1
2
3	8
9
0	78	3
7
8	5
7
0	26	2
4
0	3
5
8	65	1
5
9
02/03/2026
to
08/03/2026	4
4
7	56	3
4
9	7
9
0	67	1
1
5	*
*
*	**	*
*
*	2
4
5	15	4
5
6	1
2
9	22	6
6
0	4
0
0	44	3
4
7	2
2
4	89	2
2
5
09/03/2026
to
15/03/2026	5
7
8	00	1
2
7	4
9
9	20	2
3
5	2
5
8	54	4
5
5	6
8
9	37	5
6
6	7
0
0	73	1
3
9	2
3
9	41	1
3
7	5
6
9	08	9
9
0
16/03/2026
to
22/03/2026	3
7
9	95	1
2
2	2
4
5	11	6
7
8	1
5
0	68	2
2
4	4
4
5	33	1
4
8	6
6
6	89	3
6
0	4
7
7	85	8
8
9	3
4
0	74	1
6
7
23/03/2026
to
29/03/2026	4
5
6	55	7
9
9	1
3
4	85	3
6
6	6
7
9	29	4
5
0	2
4
8	49	1
3
5	7
9
0	67	4
5
8	5
8
0	31	3
9
9	1
3
8	21	2
9
0
30/03/2026
to
05/04/2026	3
4
4	16	2
5
9	1
4
5	07	3
6
8	5
5
7	77	1
2
4	4
9
9	29	9
0
0	2
4
6	24	6
9
9	3
4
8	55	4
4
7	4
5
7	61	5
6
0
06/04/2026
to
12/04/2026	1
3
0	48	4
5
9	2
3
7	29	1
4
4	2
4
7	36	3
5
8	5
9
0	48	1
3
4	4
7
9	08	9
9
0	1
3
3	77	2
7
8	6
9
0	53	1
6
6
13/04/2026
to
19/04/2026	8
0
0	83	7
7
9	3
6
7	64	6
8
0	1
5
5	16	2
4
0	1
1
7	94	1
5
8	2
5
0	70	3
7
0	4
4
5	35	1
6
8	1
8
9	84	2
3
9
20/04/2026
to
26/04/2026	7
8
9	43	1
5
7	4
5
5	46	8
8
0	2
4
9	51	2
3
6	4
4
8	64	7
7
0	5
7
9	11	2
2
7	3
6
0	99	5
6
8	5
8
0	36	7
9
0
27/04/2026
to
03/05/2026	6
6
0	21	3
4
4	1
7
9	78	4
4
0	1
7
0	88	3
6
9	5
6
9	00	4
6
0	0
0
0	04	2
5
7	1
3
9	31	6
6
9	6
9
9	43	2
5
6
04/05/2026
to
10/05/2026	2
7
0	94	3
4
7	2
4
5	15	1
6
8	1
6
8	56	2
4
0	7
8
9	41	6
7
8	3
7
0	09	1
8
0	4
5
7	69	2
3
4	1
5
0	67	3
4
0
11/05/2026
to
17/05/2026	1
6
9	60	5
7
8	3
9
0	28	1
3
4	6
8
9	39	4
7
8	4
9
0	37	2
7
8	1
5
9	52	6
6
0	1
1
2	47	3
7
7	5
7
9	16	2
6
8
18/05/2026
to
24/05/2026	4
7
0	16	2
5
9	5
5
6	68	9
9
0	3
0
0	36	1
2
3	2
7
9	88	4
4
0	8
9
0	79	2
2
5	1
4
9	47	3
6
8	4
5
0	92	7
7
8
25/05/2026
to
31/05/2026	1
4
7	29	5
6
8	2
9
9	00	3
7
0	6
6
7	91	4
8
9	7
8
9	44	2
2
0	4
4
5	36	8
9
9	2
4
7	31	3
8
0	1
6
0	79	2
3
4
01/06/2026
to
07/06/2026	3
3
0	67	2
6
9	6
0
0	66	5
5
6	3
4
5	23	2
5
6	2
5
8	58	8
0
0	1
4
5	00	6
6
8	6
7
8	10	4
7
9	4
5
9	88	2
6
0
08/06/2026
to
14/06/2026	1
3
4	88	2
7
9	4
5
0	98	1
2
5	3
5
6	42	5
7
0	6
7
0	39	4
6
9	1
7
9	77	8
9
0	4
6
6	67	1
1
5 this is the panel data push it in the db and SRILAXMI DAY JODI CHART
Mo	Tue	Wed	Thu	Fri	Sat	Sun
85	63	91	37	43	57	35
31	21	13	13	32	00	14
77	29	09	77	51	12	69
31	41	56	53	59	34	53
60	98	88	25	90	56	74
33	98	30	91	16	37	56
25	31	63	24	03	36	38
82	12	91	25	44	14	30
44	80	47	52	44	80	38
90	03	86	06	90	03	91
30	61	62	46	70	54	55
38	51	16	53	81	22	03
91	**	**	**	**	53	32
77	39	97	32	88	12	25
50	18	71	95	51	22	79
06	45	83	75	36	74	21
63	67	55	61	81	45	74
75	23	20	97	34	46	80
48	91	84	31	37	87	51
17	22	85	19	72	04	10
65	33	65	41	92	17	09
94	54	98	63	44	89	94
82	37	97	89	50	42	13
58	18	78	49	78	49	02
88	15	12	37	89	68	00
12	90	22	72	14	34	46
82	14	74	92	69	37	87
81	98	45	62	53	72	04
67	06	46	77	53	14	59
23	81	87	77	74	92	17
91	11	78	39	56	44	89
22	67	04	14	52	50	42
33	56	17	77	40	27	71
54	39	89	46	05	75	98
37	15	16	03	28	65	53
18	03	20	29	42	46	85
15	90	46	95	58	14	56
90	17	07	69	46	37	24
14	80	10	51	71	55	18
98	03	90	40	44	36	59
81	61	03	89	63	48	84
31	63	51	20	97	06	29
91	84	96	41	85	14	08
77	39	79	55	74	40	65
50	18	23	98	84	10	15
06	45	67	73	47	39	14
74	92	17	04	74	63	69
56	44	89	26	32	40	53
68	50	42	12	69	19	74
26	78	49	34	53	29	56
44	13	83	56	74	61	68
25	36	11	37	56	18	26
78	68	93	06	68	82	81
90	88	12	69	91	16	48
23	51	22	53	11	23	42
33	36	74	74	94	76	23
35	81	45	56	49	95	04
98	62	26	84	80	71	54
52	11	94	47	77	15	53
63	83	04	14	08	15	15
39	01	54	96	93	56	54
78	98	53	05	20	41	73
94	29	19	32	73	03	08
16	65	00	17	47	69	06
**	63	58	92	03	24	22
71	20	86	32	50	98	60
84	53	99	40	26	11	89
38	27	15	70	59	30	42
74	82	30	47	96	68	39
46	29	09	95	73	89	94
37	83	16	47	25	26	84
98	40	61	96	33	17	63
75	09	45	87	10	79	95
81	94	32	95	56	42	20
16	67	58	27	69	81	99
98	21	92	38	28	75	52
64	13	75	06	31	94	48
86	94	33	40	61	11	92
13	60	06	22	57	90	74
47	20	53	84	37	46	83
04	93	38	25	75	67	24
95	55	08	61	58	96	75
26	85	10	25	64	15	83
40	51	96	90	47	71	32
83	10	06	**	33	65	52
72	62	91	26	86	18	35
97	44	39	00	53	57	69
73	83	90	32	26	41	12
61	24	01	54	90	74	49
94	89	38	81	04	71	54
42	05	18	60	39	80	82
25	50	92	94	03	43	40
36	82	28	56	95	08	69
08	98	31	16	89	23	79
61	49	60	08	31	85	03
14	98	82	72	67	54	23
93	43	64	28	23	78	69
61	99	02	51	71	45	19
42	56	17	34	96	07	33
13	93	68	74	27	48	91
45	76	19	20	95	63	78
29	87	03	77	40	37	63
53	05	64	97	13	09	18
42	83	30	74	49	85	61
75	20	03	62	35	83	48
56	41	67	70	26	29	97
19	75	92	15	22	64	91
38	46	68	99	56	50	**
65	40	89	53	39	98	70
92	84	62	09	19	02	24
14	06	25	41	82	15	08
67	71	36	80	54	25	61
91	42	27	63	22	15	76
69	**	31	98	72	93	32
82	46	75	61	**	35	67
76	99	62	19	45	51	44
15	49	53	72	65	13	52
00	37	12	47	91	95	29
45	10	70	33	88	24	48
83	32	28	48	52	98	91
66	**	50	05	96	46	36
41	17	28	31	70	57	27
56	60	87	02	72	30	79
29	74	44	57	92	49	33
91	52	21	26	45	70	95
29	75	06	51	90	67	52
09	40	15	69	26	16	95
97	60	05	42	17	51	49
24	79	76	49	67	07	87
04	99	29	54	27	40	38
28	86	97	06	66	77	80
32	35	11	42	21	**	43
16	33	25	55	12	77	56
73	99	17	42	59	22	79
56	13	30	50	24	04	02
61	71	23	38	74	43	24
49	28	35	52	**	68	57
68	82	32	16	30	99	89
35	66	05	23	71	16	34
43	96	64	**	05	31	42
81	39	52	73	12	**	58
72	43	64	32	53	77	05
31	**	**	44	12	26	93
32	84	19	20	63	51	09
**	21	53	65	01	11	32
57	62	19	95	03	26	**
**	25	06	45	12	89	42
57	16	39	82	64	37	01
89	95	12	08	59	27	53
**	04	33	99	46	60	18
**	36	64	20	50	82	75
09	15	47	88	39	64	**
73	32	96	25	16	49	81
04	58	17	38	71	20	68
46	98	10	52	05	32	97
27	63	34	85	73	55	61
94	43	42	01	85	70	31
60	58	73	91	16	44	80
53	10	76	62	51	72	61
85	50	91	42	08	35	13
**	63	75	56	99	04	41
89	24	07	42	81	63	79
67	21	06	55	94	02	88
14	77	49	34	63	52	55
91	89	22	06	78	26	65
56	67	**	15	22	44	89
00	20	54	37	73	41	08
95	11	68	33	89	85	74
55	85	29	49	67	31	21
16	07	77	29	24	55	61
48	29	36	48	08	77	53
83	64	16	94	70	35	84
43	46	51	64	11	99	36
21	78	88	00	04	31	43
94	15	56	41	09	69	67
60	28	39	37	52	47	16
16	68	36	88	79	47	92
29	00	91	44	36	31	79
67	66	23	58	00	10	88
88	98	42	39	77	67	
 this is the jodi data of that game i gave you previous data of our game now as admin create new data according to date it insert next to this data and on the home page on our game current data also be set by the admin i dont want our one table to be seperate our game aslo be as in the api one difference is that  the prev data will be in mongo db and upcoming data will be update by the admin so we update in db as admin updates
